0
-756
-5271
-4973
5122
-8267
150
5160
133
2545
7762
3591
-9944
-9879
3641
9407
-2434
9730
2786
-798
-6135
4321
-4831
-3815
212
871
5087
4975
-9867
9707
2002
-9634
5002
4921
4583
-9830
-5221
7925
5066
4550
3358
-2647
-6885
-8100
3594
-8402
-4821
-4147
5095
9890
-2048
4997
-9866
-5850
2096
-5034
9121
5016
-2711
61
-9188
-5057
9890
1563
-4747
4956
-5572
415
-7989
9182
2353
352
-4650
-1732
-9946
5198
-9632
1038
7154
5349
5686
9549
5070
2114
9013
5426
3350
7264
5359
-298
9809
5537
-185
238
9031
4970
-1056
5416
4609
-7081
475
8053
-4363
-4674
-4674
5023
284
-5182
3959
-4504
-9577
-5038
-1219
-8775
-9348
-9752
-177
4993
-618
-9704
-9646
-9769
-5423
-4055
-4549
334
469
-4516
8044
8460
-8967
8792
5606
5159
5678
9407
-4426
1527
7521
5200
8572
-9843
-4694
-5701
7265
584
-4902
-9289
3039
440
-1405
-7933
5553
7491
-5759
-5029
-4665
-9289
-9357
-9714
-113
6750
-1293
5134
465
-1415
5006
197
8454
2807
-4749
4711
6949
778
-6766
9116
206
777
5606
8637
-5031
-9583
100
3217
1012
-4168
-4635
-4817
-9464
6613
-3477
-4
1652
-2507
8724
3793
8091
288
-4237
-269
5874
2379
-4662
-4498
4934
8091
5426
-3956
-1024
179
672
-9287
9949
2338
-7398
1880
-4038
-87
6915
835
-4736
4096
-8996
-9240
-4148
1023
3063
-9914
-4924
809
5742
-9813
5244
-518
-5605
835
4874
-3964
400
-6278
-4121
-8111
-6721
2426
3217
-4084
-4073
-6237
4980
6070
5507
728
5313
1767
7546
-2027
-6695
6961
-2734
-5953
-9389
37
4980
5789
8765
1001
-4351
-4405
-9249
9326
-5092
-564
-7700
-9528
4961
5422
-2359
-4327
997
8923
-5938
8614
-3964
-9451
-895
5206
5704
-5546
8279
-8917
-9206
-3870
8589
-3285
-4413
4256
705
-6211
808
144
-3372
-4196
-9332
458
4446
1834
-2453
8979
2313
-731
1746
560
1130
-9377
9901
5384
199
-4518
858
-1689
-3843
6019
-4901
-9985
1009
-3992
-4934
6002
617
-5950
36
-8971
8954
944
332
496
2654
217
109
5848
-181
6368
-9394
971
9248
-9008
112
-8081
-9377
4887
641
-3815
-67
-5984
5963
-1330
-5027
-4540
-4470
-4462
-2888
-9482
-9771
-9323
2237
1121
4887
-3710
5771
3923
8780
9129
-5171
5606
-7193
-8707
-9136
-6415
489
807
-9206
6053
4406
-6135
-6377
6257
-6408
2662
-8655
4505
-8688
5713
6169
-8737
-653
382
-6983
6083
5454
3791
6161
-188
4186
-3523
5677
5914
3935
232
512
3873
9658
979
-5260
7323
-4507
-4206
-6947
-5260
-4013
6622
-9873
985
-9002
-8730
-4877
123
987
5006
512
-9507
4886
-9350
5647
-9041
4760
-3998
3308
-9956
-5389
-8681
6232
9392
-8889
-5046
-2808
-6228
-393
-5524
912
-4241
7548
-5793
2965
9478
6179
-9825
3733
642
3981
6390
-7455
-24
5703
-4540
-4649
2843
-8805
-5758
-209
-3483
3664
-2751
1277
-6789
4421
-8704
7466
7687
5278
-9010
-3580
-4669
-3580
-1261
-4971
-7970
-9864
5905
-1170
-4649
-4674
-5940
809
-8846
5273
-2874
5535
8236
-3757
9340
-4454
8377
-8996
4928
-207
1252
-3397
-8744
-3956
-364
-9008
-9277
5577
5307
697
-4934
2367
-60
9859
9177
6042
-3853
1490
1180
-9914
4087
-9638
-3793
-219
-9295
-3917
5501
9727
7656
-9274
566
1507
-1713
-3445
-9884
6126
-9585
705
9858
-3606
8456
-227
8583
-4097
9679
3942
-5484
1442
-3964
460
5920
-8703
-9274
-8938
43
7759
-4105
-5151
2280
-3461
-6529
6140
1182
2780
4415
-4710
7111
6522
-6406
-9790
-1598
5824
-9433
7531
-3918
-8898
4921
5441
-4116
-227
504
5606
7856
-5385
2425
-286
5803
-8868
8337
8565
4110
-7781
-9720
-2202
-1052
-4606
-9910
4371
1061
-808
-9812
7343
-8864
3572
6173
6037
5926
-4454
-4199
6472
-8689
772
1581
8884
-900
9092
-8028
-3361
6750
1453
-9142
722
-8375
4285
-4811
-9141
3926
6075
1035
7040
8406
-8129
3391
-8617
-7606
-4176
3230
4355
697
-2806
-9057
3861
6163
-8776
4126
8410
760
6344
5345
-7132
-2458
3214
6075
-8454
1827
3388
915
4820
1286
9304
809
-3819
-9073
-8415
5562
123
630
818
915
1204
-8600
6536
-8717
1490
-3341
-8846
5039
512
-2795
-1360
1125
5949
-8362
816
-4310
-9136
6207
-8032
1500
-5649
-4731
6257
-3574
-8312
1372
7761
1194
5431
-3598
-5900
-1598
1502
-7627
9296
9198
-7360
-4522
-3994
817
7448
-9813
-2436
-3951
5015
5868
1544
9688
1566
-7683
-1145
-8705
8767
734
-3873
6505
6579
5225
6045
-4694
1258
-7820
-3283
7676
9745
9594
8325
657
-4320
4112
5649
-4654
-9365
-6735
-9174
-7930
-2657
-8512
-9588
9129
-8667
5447
6687
1706
-989
-9753
4571
1012
1733
6196
-6888
9093
-3091
218
-8433
-3537
1015
3700
-3864
-3994
-3162
-4224
-3353
4084
1200
9749
-9065
5460
-3421
-8527
9499
-4435
-4710
-8204
-5217
9082
782
-224
-63
3672
-3219
6099
8186
-5628
6786
3728
6709
61
6030
9901
-4339
-778
8511
9339
-9518
-6009
-3321
816
-513
8985
8984
-5490
-3455
9683
6185
-8370
5220
-5940
-5096
-9527
3016
8170
5959
-5524
5601
3021
-8820
3910
6220
-6534
-3187
8485
4851
1817
1429
-4973
928
-4344
6341
-1638
-8527
5388
8777
-5608
-437
-8348
6274
-8433
6579
-8543
3530
-9985
6656
6092
-7909
5753
6140
-3741
4500
-6984
7687
3387
-9910
-8444
-3184
5069
997
2851
5027
6963
-4686
6573
-7497
7782
8684
-8120
-9910
-8996
927
-3113
1496
-6211
9901
-3755
-8674
-571
-30
-8666
1566
7578
8985
682
3900
-8451
4385
-3652
4833
7392
6209
4707
-8567
-5088
5166
-3956
2418
-8254
-4105
6483
-3419
6771
6832
9135
1447
5823
1585
-4427
9343
3923
-1690
-5659
-3340
-3574
-7685
4371
5447
-3256
1788
-3552
1680
-212
-5632
-4881
1248
537
5460
-7103
9567
-8737
1861
-3523
6427
-9646
4476
-3132
-3360
-8068
-3806
-8394
-9112
3992
4725
-78
-344
-8134
6362
-3342
-55
-9262
-8733
-9372
-4138
-3418
1747
5175
3063
3928
1587
-5238
8018
6700
-2255
-8111
5283
-9864
1488
9710
6991
5166
5690
9508
1287
596
-6167
-1225
1447
3917
6472
-6487
584
1484
6060
1857
1993
-924
-8968
9587
4821
-8972
6816
-6108
-8906
-8075
-8197
6845
-4413
-4176
781
-3510
5341
7660
6692
-8576
4132
9043
6776
-9371
2545
-3056
-1694
-5697
-9647
-6913
-5339
-248
2375
-5002
-3566
6651
-3548
9730
-3903
1857
1082
-4015
268
-5077
-4146
-3113
-9082
5851
-5524
-8370
8196
6083
9858
-7474
-2724
2950
6257
6588
5603
-7968
8743
6700
849
-3950
-8394
6622
-1321
6761
1280
2076
-3123
-5310
7018
560
-9948
6208
-2920
-8871
402
9658
-3469
-3537
-361
-1220
5353
-8544
-3102
-8443
-5509
-874
-802
560
6664
7030
-6194
6742
9278
-3063
-365
5705
4238
-5046
-5052
7015
-6231
-3524
-9607
-8039
4970
9223
-3176
6023
-6717
-4300
5141
-9260
1423
-3397
-8737
1684
-3038
9710
-6395
-3658
-4626
-6730
6389
3992
-6795
-3758
-8850
1627
4603
6447
3355
3841
7101
-8694
8164
809
-2217
-4121
3213
3521
1706
-3610
6140
-8480
147
-3792
-1267
4681
-5119
453
-8910
-8583
-5983
5897
-1032
-8245
-1795
21
-9374
7719
-5792
305
-779
-9855
-1445
4609
-500
6383
1545
258
-9382
-1069
-1117
-5992
6211
3812
-2478
5872
-5722
6467
7901
-4473
6807
9501
-8090
9885
9924
-4642
5708
1301
5185
-3551
-7988
6690
-3320
6930
1490
-3971
7035
3369
2073
-111
9645
9234
-398
4567
2708
-8295
-2336
-8
5926
-3007
-3728
-928
7049
-7965
2660
-8388
3117
-4519
6851
-8722
-3910
-9626
-2942
1586
-4638
7401
2187
7211
-6529
9791
9189
-3051
939
-4885
-3427
871
-8752
-6458
5643
502
-9646
-4623
-4884
-8949
6864
-9812
7145
6297
7109
18
-29
-2828
1194
-3091
-5087
1690
-8268
-5077
-8308
-7855
5614
6462
4956
-9481
5303
1627
-7847
-1914
-4155
6713
2271
-9010
-1996
-3097
-4448
-285
-3033
-8645
1747
29
-7258
5269
-8144
6978
-4498
-5564
1844
-3521
9791
3324
-7455
4798
8250
6017
-2145
2165
-4520
-3506
8961
5095
9026
-7837
-3281
1009
2194
-9679
6400
-5310
-5846
-5899
855
6648
-7676
6
-1713
-5539
2025
3437
-138
-8620
2127
-8359
-9858
-8206
-8439
3238
6119
2066
-7756
1633
5573
1730
4436
-8998
6486
-8127
-3051
-3862
-7422
6104
-4121
-9380
-8627
8072
-944
1494
6070
-3135
-4459
-3247
568
-7263
-3190
2237
-8355
-4053
-4190
-5942
1861
971
7030
1861
-4881
6090
1694
1002
7144
-3726
1180
-8100
4939
-621
6120
9579
7323
-4912
7291
998
2138
7125
-2608
2533
1361
9626
9418
-9979
8117
-4083
-8006
5108
6696
310
-275
6606
-8551
-2656
-3593
2233
2417
-5498
6189
-2722
-3638
346
-9944
1422
5223
-9347
-8295
-2900
-4473
6292
6973
-2560
9468
-4310
13
-2351
6408
-35
-7704
6234
-9979
-3557
7272
-2579
-3259
-3337
-2996
-9382
6786
-7710
-3090
7329
709
9941
-1061
-9929
-9016
964
7173
1855
6314
-8969
-2573
-7351
-9753
7379
-7441
7412
6146
-7788
-3112
-3162
1429
4094
-6293
6474
-9808
5942
-8111
-2596
6196
-2671
1975
3456
-2979
8024
-647
7904
-2499
9622
-3173
-2517
-4490
6274
540
3756
-6473
2664
-7540
6342
5559
-4445
6626
3515
-5337
-7114
-3247
-5724
-7710
1419
-3587
9665
-3970
8590
-1724
-518
6241
2089
219
-3459
7487
-8378
6413
9280
-9212
-9412
-6319
-8176
5166
-4295
932
2318
-2804
-9461
7184
-7965
1807
-7122
-4977
-8200
-8133
-4500
-7644
-7684
-6832
1928
-8307
2269
5357
-3145
605
-7912
5641
5765
2918
-3448
2276
-5048
-657
6465
2157
-5124
-7968
-3356
-9979
-175
-2479
1088
3115
-7576
-2908
1424
5192
1792
2392
7806
-7851
-7047
2017
-2613
-9660
-2310
-6546
7100
7040
-820
6933
6534
4798
5647
-437
-695
1017
-3552
2372
-9606
-142
-4127
3641
6988
-248
-2560
-857
-4123
1001
-2671
7000
-6983
-2145
-8422
-9676
-2857
4853
1584
266
-2627
4156
1539
4672
-2888
2600
7344
-5156
-1229
9087
818
-7942
-3302
6196
-9770
1115
-8444
9624
-3304
9498
9725
-7447
-624
-9585
6824
-7644
9649
-6066
1323
-7509
-4123
-7709
-2187
-7567
1817
-9676
-3348
2424
6216
-5222
-8846
2125
-9487
-6387
9571
-7056
2016
-4636
2689
7366
-2710
-7747
-5213
-3051
-5201
8445
9960
2323
7661
-1194
4185
3650
-7530
970
9490
2656
-9883
1180
-1993
-8275
8372
1574
-8197
6739
-7569
3867
-8176
6722
7158
8777
4683
6993
-8348
3816
-4113
8862
7530
7329
3790
9323
-6298
-7944
-3853
-8328
9619
2193
5999
-2370
1053
1257
-9917
-2179
-4861
-5404
7210
2563
7437
7317
4194
6922
1007
-9879
-1330
7536
-5963
-7396
-4489
2689
8574
-7864
-8627
1747
-3080
-7958
-3751
6037
-4934
1130
-8021
5870
-6695
2193
-7709
-2717
-9984
6884
-8279
6183
-4256
540
2451
-2087
-4489
9508
9280
4455
-3464
3147
6687
-7796
-2568
5787
-5142
8961
-4413
-2914
-9676
5959
-1466
-6529
7352
-1012
5078
117
-5100
2249
-839
3104
-7724
-3301
2549
-5947
1871
2589
2905
-9753
2076
-4995
-6990
7635
975
6468
-3067
9669
6660
7209
9679
-8567
-396
8329
-8055
9456
1575
9768
3039
-2268
-7909
-3893
-9948
-2708
1357
-9008
6806
-532
-3445
-9027
1967
7019
-3873
8492
-5793
-8438
5269
2086
-6135
-2925
-7738
-7545
1592
-5832
-2879
6128
131
-1056
4603
-1557
-5308
6515
-2728
4861
1328
1227
6828
-2093
-4427
-2220
7594
7215
-2640
7346
1351
1212
-3657
9421
2334
6472
-4812
-5442
-8960
7230
-8466
-3090
2545
-7975
5807
-4477
6245
1526
-8628
-219
-4795
-887
-8454
-3187
2624
-5404
-7484
4988
-7527
4312
-3743
-2671
7000
-4140
-4101
4650
-9645
-7154
-9546
7108
6997
2505
3064
9135
7676
-2539
-4231
-3569
-8615
7237
2324
-7920
-9864
9543
-8928
-2813
-6732
8170
9556
-2145
-2479
-147
-8916
6039
9456
2824
1272
39
5742
-3916
-2916
4028
268
2744
-2457
-9690
-3506
-7422
-6479
-2801
7555
-1209
-3939
5451
2871
4760
-2015
693
-8004
-7122
-4339
-5052
-7631
-7554
6797
-7559
2899
9135
9476
-9963
899
-9262
-797
2563
-8999
-5709
-1140
8003
6986
-7809
-9405
-9972
3639
9980
-3721
-2233
8545
-3964
8260
2743
-7935
6799
5308
-9033
7721
6521
-8206
2237
6479
-7695
7912
-7259
3902
-4201
-7734
-7398
-9174
-4339
6196
7860
5426
6337
6574
-3818
-7545
3647
-2558
2516
-2618
6733
2066
-1412
-2356
-8917
-5035
767
2676
-2591
1291
8694
9629
-8415
9463
5024
-1026
-7970
7995
2921
2700
8533
-7423
-6144
6606
1919
-9174
-7769
4096
6215
-7837
7890
3565
4840
-1984
-2556
-9701
-4506
-2381
1921
1072
-7336
-6134
-3149
-9347
-2271
-404
1827
-7063
-1853
-537
-7207
2896
7548
-2059
-4861
2910
-3689
-867
-2053
7826
-3927
1205
-8502
-3144
-8544
-7708
1767
-443
-7316
-7077
-4606
-7103
-2479
-2449
-2139
9980
-3593
1311
9112
8789
-9481
-7868
-2625
6426
2219
-7270
-8384
-4732
-9461
-5025
2769
7589
-5005
-2966
-488
-7791
-7380
-6005
2545
1425
3178
-249
2606
-9323
7543
354
6216
7028
-1972
-7633
7935
-6729
3706
7981
-4517
-1725
-2810
3872
6794
-2711
6742
975
-7103
4263
-3967
2840
7856
-8868
6550
9711
-3112
1507
2113
3046
-9350
7671
-5154
323
1827
4980
-7001
-7578
-2434
-8604
-2851
-6529
-7188
7457
-3484
-8374
7678
-2186
4610
-1178
-7644
3006
2868
-6940
2237
2444
-2649
8060
2735
-3222
5511
-9327
4948
-1948
-2434
-2739
6108
7494
-2533
7492
2754
-6052
-9445
-7157
-1948
-2365
4957
8829
7209
-572
-6999
-8028
-9043
-5914
-7063
-2998
-2758
725
-7856
1507
-2269
2240
-523
8723
-788
-8705
5463
-7016
-6975
7006
9123
-5900
-2724
-4533
512
-2936
-2632
8927
8624
6237
-113
-2047
-5442
3665
-6891
2745
-9005
7589
7627
-9284
-7260
-8342
8009
-6357
9587
-8305
6764
7100
2600
-7741
-7207
-7885
-5770
7694
415
-4549
5564
-7602
8406
8049
2329
5562
-7236
-3053
-2964
8139
-7092
-437
-2131
-4141
2931
-7942
8158
8951
-3444
-4197
-318
8032
-8063
351
-2512
8157
8819
-8544
-4475
5343
-5182
6854
-6825
3115
7976
8543
3063
-4613
7906
-1817
8039
-2117
-8838
9483
2636
-9212
8151
7146
486
-3353
818
8667
7479
-9332
-2942
7338
4941
-2745
-5648
7814
7748
9665
-7217
-8431
3405
-6117
7825
1540
-2047
-7342
-8760
-5864
8131
5752
-2010
-3967
-6120
632
-3726
-5963
912
3308
3971
-6161
8104
-6426
-4749
1011
-5383
295
-6975
-2887
-6834
7758
9924
2246
-5046
7635
13
8043
-2907
562
-1170
4406
7976
-820
8216
1869
1298
2997
-7115
2037
-9390
-9154
7728
6225
-189
7789
-2120
5820
5696
-7260
-7817
5525
-8055
5078
1288
2730
2940
9409
-8874
-8196
-3176
5713
7491
401
2017
-929
858
2700
3177
-8493
7998
8094
7274
4132
-2854
-2525
2665
-1423
936
-1824
1817
3023
7633
-6476
8273
-6713
3096
2556
-2254
-9812
7382
-6713
-905
-5027
-547
1370
2827
-2312
-1032
7995
-6216
-9855
-1846
7725
-3163
-1180
-2508
3212
7956
1710
-6595
-1839
7919
2842
-2048
7161
5507
8144
-8100
9406
7215
4284
-1268
-1705
-2345
1795
998
7799
8325
-3426
6216
8329
3971
6445
-1675
-4723
8091
-8656
-2183
-4506
-6975
-6945
-2764
-4013
-7399
-5610
-8136
-6808
2185
2896
7487
-1817
5999
-9185
-2531
-6435
3074
9407
-9947
8748
-8707
-1661
3900
-6692
6749
9376
-3943
4081
8032
-4924
-6812
-2671
-9380
3285
-8175
8337
1395
6748
-4645
2745
353
-4626
4970
-3187
5754
-2310
-7203
7435
-9090
3016
2549
-4290
6814
728
3063
-8588
-3530
-2748
8256
6660
-3772
8677
-1837
-4962
-7551
3287
2249
1539
-2561
-8512
-7065
-6889
-1755
-1171
-9284
6151
-2614
-2010
7661
8396
354
7198
7691
2451
-9271
-6473
3090
-1476
6192
-8898
2437
-2458
7799
1436
47
4790
-5052
-4146
-501
-4821
-8308
-1445
794
-7648
-5310
3063
-1698
8304
-7258
-5221
-334
7220
-3228
-6736
6844
747
4367
-5052
7581
-2993
-1853
6749
-240
1593
-3397
2956
-4147
5366
1928
-6713
2678
654
6273
-7060
-3051
2729
6748
-2079
7027
1257
-8321
5416
-2374
2846
8357
-6080
1298
1676
3515
927
5568
-2233
4556
3130
7944
5734
8326
7856
6173
-8204
2190
-3787
2993
-5495
-4477
-9623
-6853
-6605
-6164
2851
7612
-3967
7028
-5151
-8968
-5783
7352
7965
7950
4575
-6508
2596
8241
8064
-7307
2257
7932
-2059
6302
-3319
5774
8877
-212
8380
3480
-4701
8929
-1935
-5002
-1805
9971
3380
8011
-6196
-9277
-32
858
6096
4902
3426
-7474
-2053
-1537
6459
7350
-1588
6221
-2862
-1825
5430
7845
5047
-2145
-2829
9619
-7499
8230
-2813
-1577
7132
-7499
-3085
264
-9491
1783
2851
7210
8902
3478
5923
695
-3293
2545
-3951
-8747
8395
3451
-7041
-6557
-7677
-7282
-2841
7763
6284
6775
8740
7897
-3418
8492
-7004
7354
660
-3101
-1523
8021
-2829
8246
-1622
8438
512
-2397
-7417
1208
6140
8268
6968
-2410
-2010
-1718
3111
-1090
5660
3486
3344
-1537
-5123
-8369
2689
-1144
2997
-392
8236
-5398
7689
632
-2421
4298
3378
404
1424
-2005
2702
8069
-6040
7010
-7004
-3308
-2027
-284
6461
-1452
2871
-7398
-8792
7503
-1663
-5501
9788
-328
-7682
-6996
3609
7728
-8707
-6164
-6940
-697
8214
-3682
6515
-762
-8415
-6631
-4822
-6409
-1718
9167
-6667
-7297
9730
-6482
-1899
-6120
9805
-8074
-3893
-6636
-7269
6157
9698
-1639
5525
2863
-4036
-224
7685
-1695
-6508
6856
-7796
-8589
254
-8502
3238
7346
-6957
-6148
-8705
7932
-2486
-1879
-4825
-4423
7976
-8236
4158
-764
-4581
-8137
8408
4087
3451
-7197
9312
-1456
-3964
3454
-1547
1217
-8501
-4377
-1571
1812
-1694
2093
8934
7094
8474
1946
-8699
-6912
-7483
-8892
-8125
-6322
4760
7209
4862
-4815
8499
-2151
9256
5960
8654
4587
3092
2878
1508
1864
-7516
-1675
3527
7972
489
3213
-2232
-4856
2728
1564
-5219
5511
1425
1174
-7942
4123
3659
6622
-7094
-8754
-2215
-1888
-6312
435
-398
8524
5506
32
8679
9962
5551
7529
-1531
1019
6221
-6507
-3058
7573
-2005
-7324
6825
-3865
3157
-4556
-3019
7336
4042
3399
1032
-5058
-647
-1339
7783
8400
-2879
3570
-6526
-8349
-6919
2728
8674
-6947
-7038
2689
8474
7335
3720
5313
-1956
8723
8534
2899
8723
-9813
9061
-7462
-1891
-4183
8064
-268
-8707
-6645
-6871
-6182
3590
4845
9829
-8861
3396
2353
8583
8645
-3691
-9873
2437
7943
-7082
-1392
8277
-5338
4644
3910
7275
5949
-6325
-6473
3077
827
3570
9579
3691
-8950
7093
-6825
-1742
-8215
6690
2886
5221
-9833
8744
3454
3462
2187
521
-7254
-6406
-632
8406
-1142
2313
-7554
-2900
3657
-4431
995
5606
2168
1857
8510
7660
8740
-205
-1972
8032
8467
7715
1602
-5805
5825
-924
-6312
-4676
1561
-9271
5717
-5459
-1200
481
-3348
-7455
-6482
-2337
-8802
7049
-8838
-9544
-2010
8743
-4447
5141
-5957
-6461
2628
9481
1533
467
7434
-8305
3564
-6275
8446
8583
-2399
-5459
4239
-5704
-3687
-2225
9182
8196
-6562
-1569
-152
-3691
9406
641
9725
8081
-1999
641
5480
-6510
-6317
5292
6196
-3459
1212
-5326
9757
-728
3096
-123
3748
6915
5577
1728
3592
3315
-1126
-5504
3807
-4466
-5807
4928
3953
2999
1508
-6567
2321
7910
1931
5949
-4121
556
3854
-8600
8635
-1236
-761
1012
-3102
-2865
7570
-9057
-6235
544
2694
-19
-2958
-1178
-8480
-5013
-2096
-6420
-2829
8782
8988
5275
3764
8474
6409
8694
605
1453
1361
3664
-4924
5971
-8143
-3909
-1761
-6638
3688
-4870
-8512
-1598
-1135
2282
3530
1802
-1229
-6157
-6487
3090
2726
-8687
2628
3850
-7800
-1929
-1383
-6688
-1194
-877
3350
-6231
-4881
8802
8524
1539
-2343
-9335
-6214
-2037
-1395
6137
-1146
-9623
-3460
-1725
8084
3530
-2413
8073
7443
6522
777
197
8604
-2567
-7821
-7821
-2463
509
8798
-8781
9326
5992
7131
-5142
915
7014
-6607
8406
4939
-5109
8117
8801
-6167
2966
-1330
8448
-8267
-6444
2093
-4867
-4897
7950
609
-6217
-818
2966
-6786
-2228
-7307
7950
-1200
-1387
6625
-3102
237
-1099
9729
2073
-1225
3304
3914
465
-6631
3904
-6635
8258
-2561
3599
8305
-4549
-4076
3462
4036
3926
-5802
-2652
-6370
8910
4111
-1873
2919
3535
-6108
90
775
-7253
-4233
8557
8474
-2970
-2663
8927
7147
3765
2311
1842
9861
-5090
1807
-8719
-7791
6313
-6522
-5030
3295
6445
-1263
7613
-7236
6075
-4137
9798
4462
-4912
-1357
3546
7979
9067
-6071
-5781
-7633
5429
3807
3916
-7647
5771
6682
6409
-6766
-6521
6291
8481
-1300
7160
6761
3029
4603
-4654
1855
3876
3586
1633
7359
-7790
3561
3896
-3142
-9327
-1623
3793
3023
3674
3507
-684
-8493
7244
8566
8170
9755
-6319
-2013
1453
-5773
6771
7684
3174
-8551
-561
632
4585
3039
714
-1290
-1099
3635
-3184
2976
-1392
-4663
-1449
-6134
-1374
-2997
2165
7761
-285
3931
9912
-1100
6282
8084
6456
8954
-2423
3643
-5077
2507
8851
4545
3557
-3310
8694
6700
1966
-5923
-6476
1359
-8697
7775
2369
-5984
1257
-7442
-1686
-6357
-6196
-3975
-6208
8631
2516
-311
9994
-5491
-510
-7021
3592
-4201
-1478
238
3989
-219
8985
7870
4576
9000
-3360
4313
6019
5400
3728
-6605
8933
4282
9407
-4937
-2167
-8583
8077
-6244
-3102
8146
1817
-6947
-6619
8984
6426
692
3570
8351
-8280
-185
-1787
3219
3703
4086
3561
-3420
-6052
8709
7542
217
-956
-7679
7449
-7567
8677
4927
2847
-6290
7805
-5783
3067
-2568
-5989
8139
-7050
4053
8363
3862
3964
-6010
-9010
-7091
8939
-4459
166
8973
5225
-2906
9983
3992
-5980
-3920
3128
-5983
-5983
8979
513
-4540
899
-8716
3104
-410
-2993
-8297
8775
-6081
71
8786
8047
-2268
-5328
6057
5907
3990
-7041
-6597
-956
9522
3469
-6244
921
8769
-3091
9064
-1274
-7336
5912
7576
-6108
-6446
-1799
1217
7603
8103
470
-1727
351
4060
-857
-4545
9755
2596
-3537
-4489
-6024
-6895
5247
9066
-9970
7075
-1634
8910
4106
-73
9310
2257
8158
-6631
8614
-2185
5954
-1398
3378
-7725
7316
-6229
-6896
7017
4646
-2916
2926
2739
9323
-6024
-1300
9116
-920
5577
8257
-4036
4104
-5884
5976
8723
4084
3322
-1395
-5926
-7134
3464
3802
-6087
-4747
1946
9068
3798
7758
-7360
-4677
-6353
7264
-8600
670
2087
-2293
2534
3214
-6876
-386
-412
-7034
8047
-3104
-927
9153
-1194
1277
3674
-6607
-8324
9852
4029
-6055
8909
8833
3427
6630
941
8610
1959
3238
-6331
-5869
2140
-7400
705
9962
-6786
-2745
-3033
5372
-9873
-6823
-4716
9442
7573
8606
-3753
4845
5253
-1488
1927
2683
-3829
451
-9295
-9860
-2558
-6186
-6376
912
6982
6922
-1009
-7652
3276
-5923
-3348
8819
-9944
6372
1323
8863
-3743
-877
-5891
-8722
-6116
-255
-212
-2846
-3525
1215
6979
5894
-6996
3712
-6164
939
-2213
3775
-4121
-5818
-918
-7103
7329
7608
3329
-8604
9406
2746
5539
8954
-207
-7300
-8666
-6009
-4595
-6138
-8096
7904
4355
5742
4112
-7098
-5967
4185
-1623
7513
521
-7679
8036
-9996
3899
62
-6010
-7821
1325
-309
7799
-4881
9202
3570
3657
-4190
8109
6075
-5456
-1930
2974
-8394
-6317
6189
7437
2628
2736
7719
9464
7437
-6010
2413
1258
799
-8951
6431
4188
5309
-7882
8757
4053
6900
6496
-8558
-4154
6343
-8567
-4472
-5940
8385
-7036
8228
-7038
9480
-6476
7976
3482
3700
5740
7698
3992
-2233
6690
5568
1545
2940
-6339
3958
1005
-1774
3488
8565
5303
-4448
8064
2271
-8970
4064
-1983
-813
8863
-5869
7901
2570
8929
2215
-8231
-874
9234
998
-2813
-5174
4027
6880
3678
4002
-5987
7231
-2379
-6947
-5815
-2871
5217
4009
8666
-7530
8117
-6306
3276
4082
-4592
5515
-6003
-9694
-8660
809
9239
-4644
-2116
-1376
-8694
-6239
-5477
2113
3753
-2254
2689
4609
-5398
4088
-8626
2668
-4518
-3839
-4300
8681
-6024
7814
8984
-1050
-5954
-2973
8928
4928
-5176
4853
4036
-6331
7901
9535
3239
-920
3040
-5160
8309
-8279
9115
-3187
9025
4406
6825
-6823
1805
-2439
-6609
-745
-6040
-3252
-749
4095
7945
7901
5568
7811
2660
4113
3434
-1001
-429
3990
9091
-7890
-764
-2579
-560
-1069
-6730
-695
-5758
8935
-7466
-6597
4652
2560
-5965
-7170
-1401
-9563
8298
-7961
-929
7774
3595
5581
1262
-6194
-1991
3812
-7338
305
9100
4084
-672
-1699
3938
4197
3324
9278
4903
2381
6722
-701
2185
-5688
-6024
3295
9207
-6016
1976
8995
-1634
-2159
-4351
2086
9343
7479
3117
-1084
2847
-6222
-8802
-6097
4036
-6808
-7473
9015
-6353
3276
-874
3607
-2862
1733
3675
3190
-8374
-6317
3873
4844
-393
4269
1248
-1531
-6097
6776
8585
-3251
4369
4371
-6349
8652
3183
7981
9346
9026
-6032
-982
3666
-2618
9176
-3519
2230
7950
-2199
8981
-387
-7916
-514
-2010
4166
-24
-9494
-2079
5447
3217
6499
9296
8286
7039
-1073
3444
2934
-3619
8223
2708
-7809
3021
6216
5472
6996
7783
1650
-5756
-5129
-2579
-6205
3887
2444
7530
1967
-7094
1792
-7230
9231
8511
-5595
-7021
6752
-3053
3688
9098
-5255
4376
-687
9832
8934
-228
4161
-6893
-9352
-1619
-6445
8485
5130
2237
1388
1636
-1170
-5533
6622
5923
-1545
4948
2159
-2488
894
9326
-7065
8743
-5663
-6322
9310
3370
-7387
7759
-1050
4007
-5908
-4613
-6167
-1559
4098
-7961
4194
5460
4413
1506
-6476
-5369
-1864
8820
3603
7890
-3904
-9855
5824
-640
-2751
7097
835
-621
-1278
3591
-6619
1027
1424
-1560
-6528
474
1627
1218
-9045
-2762
7316
-2656
4292
-6010
9334
-1914
-8438
-4190
7904
-7974
9039
2902
-653
3090
-7299
-5807
-5807
2220
7292
-8477
-5932
-8015
-8417
5533
-5632
3216
-588
6626
4839
8552
4064
-572
-6135
3184
3715
1764
-3864
7841
-2574
3001
4329
9440
9890
5887
-6115
-1896
2973
-956
9419
-2213
9366
8705
-6523
-1038
1872
296
-2310
4467
-1051
2662
3534
-6243
-6766
6215
-3840
7019
4565
7721
9266
-547
-8716
1711
1361
9153
9441
6426
4098
-7146
-2925
6776
-5807
4624
1875
1967
9255
5472
-5096
-5775
853
-5498
3339
-7473
-9059
4321
8916
763
-1990
-5659
-1550
7965
9672
9472
4957
-6011
7110
-6996
9087
-4308
-332
-8433
-6008
1363
2054
-9367
7578
7040
4814
-2647
-1178
1518
9502
9118
4388
-5643
736
-8349
6409
849
3104
4644
2329
6973
-81
-5615
-7668
4460
-1293
9407
-7519
8406
-3053
-7652
-8448
9485
9444
-8551
-8292
-5747
-4337
4853
-944
3798
9583
9963
5040
8823
-5661
-9845
-9661
9751
343
688
4253
-5737
6133
458
-523
1820
5201
2266
-1478
-7763
798
4446
5141
7399
5122
8939
3872
-8789
4383
-4190
9502
3515
2289
6849
54
5824
-6513
-8212
4371
-5574
-8004
-437
8258
7448
-7082
9531
-5663
4388
1658
-2734
-5920
6371
5853
9336
2579
8072
2193
8524
-6479
3811
-6016
9423
3570
-5779
-5469
-3673
1117
-2916
-453
5647
9557
-9613
5131
8979
4473
289
3900
3909
-3127
5665
-1446
4367
-4441
6544
4887
-1991
-7994
-930
-7988
6791
-6325
-1853
-4691
9587
1996
-5442
4571
-756
4585
-3203
-4372
-686
6328
-640
-2556
4399
8026
-2321
4253
7039
7613
-2568
-1007
4482
9299
933
4616
-6510
-219
4362
9456
-390
1556
-2800
-578
3965
736
9579
6378
899
-728
9157
9579
7669
4572
5673
-3751
-7081
1626
7450
-9012
9499
-6476
6818
-2249
-4884
-5980
7521
-6303
9440
4318
-4778
4585
3117
4312
8986
6447
-4744
6786
-5463
-5310
9672
5341
5856
-3757
-2380
9404
-237
7844
3561
3926
4230
-6834
-3053
7027
-6623
-6237
-5481
7209
60
7075
3442
9310
7279
-6298
-639
2570
-2561
-457
-4348
660
2228
8091
8589
-3559
-6065
-9240
2654
-4771
-5359
7538
-4360
7877
-4831
2321
3077
-6173
4671
-457
2966
3148
-1200
-5594
-3648
4603
4757
-548
-386
-2710
-216
4500
-5944
9477
147
-5333
-7318
2689
-5445
4166
7951
-9505
970
2877
-315
-7001
-2379
8993
4318
2498
4263
-5056
-5359
3909
9542
8786
-269
-370
-5452
-7404
-393
-8195
6547
9594
8472
-5553
3835
8840
-1807
429
2556
-298
5134
-3030
-7098
-1273
-6474
4556
8325
4150
8167
2257
4547
9676
4682
-312
-583
-5343
3938
6144
6072
-6072
7943
-7743
-5971
4610
-3557
6445
4119
1425
-2246
-2508
-6768
-2374
-9347
-2257
688
-1681
2014
-958
6432
9074
-5340
1129
-9405
-160
-398
-7921
1452
539
9310
-5996
2765
212
3958
-7396
-298
-7392
-7065
9574
-7576
6746
4500
4244
-311
5703
-285
-274
3437
-2647
-5854
3812
-4311
-5383
5636
4599
-6196
-5745
-7169
9499
-298
-8953
-8967
3498
-2930
32
9061
9657
98
-3510
9679
-2814
2327
-7829
2449
9742
3595
-3964
-8762
-2457
-5182
4725
-2596
-4454
8686
-329
7148
-5608
-2215
8790
-3013
-8469
-1137
4298
4726
9189
-4253
4517
9
-5756
4365
-7032
-2204
7220
-5879
-278
-7063
9637
-3506
9846
5600
-365
-8967
-9016
-2404
204
3751
-188
6129
4509
-4925
-5359
-5219
2857
-5468
5604
9064
2003
-2810
-5467
-8433
-8729
9024
-1263
-4652
-5879
1005
-211
-4851
6676
-2047
-178
-4256
-6945
3650
-1242
7521
-1600
4878
7570
4573
4693
7317
9432
-6687
-2027
2735
1370
6885
-5232
5854
-9903
8120
4298
-3658
7000
1574
7277
2723
9804
4371
8772
9008
9490
2106
-6631
-6072
5192
-1877
4196
-7318
3165
817
-5260
4927
-2590
1722
-640
9444
7466
-1498
-6211
4098
1463
7979
-603
-6468
9757
5220
3454
-8588
7530
-3304
8064
9061
-478
4513
-5913
9451
9755
-1935
-6929
4679
-3412
-7063
-640
-7790
-4551
-6405
-6640
-204
-5221
-2088
6017
3018
-6135
4813
-7583
4556
9730
8694
4192
-7459
-7094
9813
1843
9286
9758
4334
8619
8800
3219
-5343
3733
4644
7944
9782
-8115
-912
-1418
-1091
8846
7394
-5730
-166
1393
-5923
-3247
-6948
-5926
-918
4132
4446
-703
9102
-652
2859
2746
6810
-2813
4192
-2498
2962
-5709
2025
-574
2545
3812
-7519
1511
-5986
-2997
4760
1393
9310
-5940
7098
4194
6810
4887
-7325
3950
-2360
6825
3388
-320
-5888
6781
1452
-2304
-5199
4821
-5496
9064
-5426
-454
-2748
-2102
-7287
6941
-8263
-3878
-2312
-9013
-8118
3867
-9188
9866
9310
4905
-4734
-4194
9776
-1690
4732
2847
-3989
-3394
694
4907
-1570
7450
-7129
-2660
-3133
4887
4927
-5443
-588
3932
9901
3147
2669
-5745
7961
3112
4486
-5203
6435
-1690
-6399
-8600
-5193
4758
-78
-162
-7217
1733
3033
-6565
4921
9917
-135
8919
-7314
-6005
9741
-7099
-6903
8357
3789
-7126
-624
8550
-2904
-5810
-5577
9039
-5347
-772
5713
3720
3659
3339
-5932
4956
-6461
-976
9861
9127
-2903
9638
-576
7497
8235
3495
910
-429
9730
7065
3552
3668
7806
8432
-4299
7581
-7705
-4833
-1623
2597
-5238
1448
1170
-2372
-7915
7573
4952
9757
9587
-1609
-1329
-3893
-8560
8472
947
-5707
3212
2651
-5997
2983
3484
-6507
9791
7395
-1779
-503
2475
-410
-6533
-2525
-8197
8272
-9676
-762
-3030
4840
4605
1018
3275
4525
3409
-5151
-468
-6619
-6412
-9144
9984
-103
-2269
-6631
2801
8186
6700
7820
9949
8720
3639
-5011
4789
9965
-7691
